2902912611
2767801611
2902432549
2501514883
2884840171
2763157302
2599983978
2808047067
2595156089
2913074556
2750130469
2161226252
42946730
2558193464
2893477445
2165046113
2772791853
1537907048
2758492928
2798085593
2898493513
2341730629
2704186184
2883148791
1665058907
2302399414
2086911257
2888521738
2886369303
2583716685
2407054108
2240906306
1989204879
1805949487
2613027948
2885447864
2276585688
2015403244
1981809134
2042870410
2028087958
2623532281
2780733425
2886666563
145974501
1658588406
2898665255
2599377047
2900414404
2713210165
2205128672
2911479218
2914773669
2032779523
2481061862
2811128569
2788954941
2895499809
2895270055
2883213766
2890159513
2904060324
2567190051
2817006451
1557309236
2886643937
2883577306
2297713310
2853444591
2521409068
1651709077
2904854287
2889420358
2884056753
2552054567
2480756217
2899199621
2902772335
2486702303
2552599474
2249524954
2070061640
2278734217
1832909429
2098426783
2080957735
